15.657	48.78	2.5791	91.228	36.892	65
22.158	39.904	0.41975	80.245	29.842	105
17.905	46.691	3.8081	80.356	38.617	345
19.63	38.629	1.2269	99.852	16.975	385
20.975	34.706	0.62561	89.813	49.76	185
16.73	39.159	4.6084	79.689	43.406	345
17.648	38.685	1.3204	86.055	25.871	105
21.647	41.741	6.6385	85.905	42.045	745
17.231	44.656	3.2899	90.405	33.972	225
17.829	39.974	0.78787	94.669	17.622	105
24.588	36.905	3.2407	99.873	21.545	745
18.288	44.367	4.5509	84.562	36.062	425
20.433	38.905	1.8442	94.293	26.805	185
17.683	38.551	1.8811	82.377	41.356	225
16.531	34.523	2.2323	92.81	18.792	225
16.299	34.212	4.373	80.243	54.621	225
20.394	37.497	4.0905	77.557	41.757	225
18.891	39.21	1.5976	89.09	26.683	225
20.805	38.858	0.19257	88.49	31.025	185
16.35	39.707	1.7247	88.494	25.488	65
19.833	33.509	3.8715	78.327	33.383	305
16.028	40.804	1.5371	89.414	37.389	185
19.887	35.516	3.4648	82.722	35.833	385
18.816	36.798	2.3325	84.578	27.24	145
21.185	35.798	3.3377	82.35	34.337	185
19.802	37.125	3.9261	80.154	27.411	185
15.937	41.444	3.0783	86.286	24.109	145
16.604	37.067	3.2053	89.331	26.121	265
18.903	46.732	4.1964	70.872	40.639	185
19.517	39.392	1.8055	79.228	29.605	185
19.978	36.629	4.055	70.424	42.388	145
17.75	39.517	3.2633	82.811	34.445	505
16.58	30.596	1.2136	84.753	25.927	185
17.726	36.559	1.9286	91.347	36.887	185
19.399	32.809	3.2837	82.032	36.835	225
20.623	34.216	4.227	77.469	36.859	305
16.813	35.63	3.2632	81.849	39.948	305
22.504	48.978	6.6971	76.914	40.884	785
17.976	42.908	3.5308	79.572	35.036	105
16.764	36.617	2.7718	74.997	39.354	185
15.904	46.721	3.6766	80.602	32.219	225
16.165	42.92	3.647	79.095	22.391	185
19.212	36.868	0.56493	94.026	22.12	185
19.848	53.462	5.6608	86.023	41.806	425
16.15	32.963	3.3041	85.045	37.547	225
23.316	44.651	4.1683	71.634	37.322	505
21.879	42.101	4.1682	64.956	42.723	305
17.038	33.585	3.3018	82.311	36.498	225
18.315	41.678	2.1836	86.776	28.319	145
17.558	46.249	4.4336	92.425	37.457	265
15.176	38.995	2.1212	82.377	26.738	145
19.738	39.902	2.346	84.305	30.199	145
17.151	40.762	2.5073	85.705	27.98	425
19.155	30.365	3.2912	81.324	35.426	425
19.511	44.298	6.7067	89.654	41.653	785
22.478	32.183	2.4445	81.947	53.416	345
18.466	34.495	4.5759	74.959	41.011	305
20.722	45.457	3.9246	82.296	36.988	545
15.86	41.512	2.179	88.593	21.437	265
21.156	38.666	3.4045	75.148	36.856	225
21.435	38.105	1.8085	87.555	29.892	225
20.205	39.704	3.0635	83.657	36.256	185
17.407	41.32	3.7775	71.458	37.877	345
16.944	31.575	2.9111	82.882	27.753	265
20.174	38.122	2.9673	80.828	35.193	305
19.829	43.052	4.5787	71.025	31.935	265
17.492	45.829	3.283	88.623	35.088	705
18.447	33.263	0.56042	95.128	27.758	185
18.09	42.397	3.3509	92.645	35.422	185
18.742	35.384	3.2043	82.938	22.032	265
15.802	38.718	0.091287	85.459	26.354	105
17.31	44.514	3.9685	71.895	41.623	425
18.498	34.932	1.7633	92.876	37.255	265
20.947	49.856	3.53	84.004	40.003	385
15.198	42.777	3.2985	84.997	29.416	105
21.562	39.05	0.81438	91.252	29.414	185
23.349	39.406	2.2141	96.022	17.59	385
16.512	33.531	2.473	83.024	29.295	225
17.386	36.881	3.7998	81.091	32.089	185
19.648	32.267	2.4797	74.326	46.715	265
17.077	45.566	3.7465	76.497	34.466	185
20.278	38.23	2.7626	95.069	33.653	505
20.153	30.174	1.7416	85.853	23.604	185
16.117	32.44	3.1123	88.45	31.567	265
18.312	43.285	3.6194	72.078	38.753	145
22.23	41.907	0.91963	83.377	36.658	105
18.021	38.425	0.80217	94.764	31.079	185
19.762	47.607	4.1663	81.506	36.454	185
17.614	32.995	4.0091	74.778	37.078	425
17.81	43.025	4.0236	83.796	38.419	265
21.108	37.908	4.115	81.622	39.281	185
19.319	32.802	1.7786	84.343	30.355	145
19.271	35.723	1.9293	87.294	25.503	145
22.424	36.574	3.4236	83.83	67.642	505
16.71	35.324	2.2132	71.929	37.657	105
17.551	32.278	2.9893	83.973	23.464	185
20.134	40.022	1.0212	85.627	36.109	145
18.937	41.937	2.9974	91.007	48.685	345
20.798	38.694	3.3939	75	36.997	385
17.395	51.092	4.8298	79.779	37.566	425
19.483	38.196	3.5087	78.123	31.619	105
16.962	33.145	3.8441	73.308	31.565	145
16.361	35.369	0.80134	88.222	27.798	185
20.301	42.543	3.5331	80.723	38.44	145
20.125	35.152	2.6511	92.91	37.882	345
19.954	43.059	3.971	90.793	35.349	225
17.808	41.827	1.4354	90.779	51.083	265
19.965	30.245	1.1814	95.385	23.524	185
20.687	36.662	1.8871	82.016	25.69	145
18.405	45.537	4.3297	70.804	37.439	545
20.271	39.759	3.4391	75.423	30.881	145
15.858	32.812	2.1225	90.437	24.901	145
20.295	41.67	2.0073	92.486	47.088	225
17.459	39.849	1.0617	85.177	24.495	185
19.392	41.338	5.4963	80.791	45.12	385
21.438	37.461	1.3133	84.331	26.097	145
21.939	43.679	2.6218	87.507	20.657	305
19.778	33.079	1.2562	92.746	19.883	185
17.459	39.446	0.25774	89.913	30.887	185
19.253	34.988	3.0873	84.659	23.583	225
19.95	37.595	0.60587	97.8	16.755	105
16	43.994	4.0238	74.321	27.989	185
18.926	33.301	4.0407	84.12	37.326	265
16.239	38.07	1.3322	83.553	21.292	185
20.128	35.335	0.044737	92.491	36.33	185
20.491	34.114	3.4214	84.367	40.892	185
16.051	35.768	4.0443	80.616	37.323	185
22.936	47.069	6.4794	86.6	44.05	785
19.121	38.114	1.2075	95.773	39.797	265
20.129	50.037	4.5222	86.23	47.611	185
19.388	45.671	2.8877	76.413	32.157	65
20.413	39.834	5.0701	92.55	37.834	545
18.177	39.953	1.0899	84.902	49.927	185
17.021	37.228	3.2829	80.672	37.817	265
16.872	44.176	3.265	75.671	33.48	345
16.434	34.711	2.6445	80.867	30.855	105
17.015	38.341	3.4162	78.109	37.7	225
17.911	36.061	3.3749	87.058	27.106	145
16.712	30.279	2.5969	89.209	20.719	145
17.296	40.041	0.059391	95.7	27.294	105
15.536	33.213	3.786	69.748	32.474	65
21.542	32.383	2.693	82.189	34.432	425
17.934	35.187	3.295	88.392	23.089	145
16.567	40.533	0.87452	97.021	54.603	145
19.191	36.017	4.5682	64.869	39.047	305
18.623	39.183	3.2946	68.745	33.47	145
20.17	44.618	3.794	81.953	41.077	225
17.103	34.596	2.4161	89.948	21.666	505
16.594	33.765	4.7005	71.746	38.045	265
18.809	44.978	3.6159	83.455	33.837	225
18.153	40.826	1.8487	93.855	25.352	185
18.324	38.283	5.6135	78.481	40.198	745
19.951	49.796	4.6551	69.069	43.195	425
18.703	33.297	3.9648	67.77	33.029	145
16.313	38.262	0.10371	97.774	17.943	185
16.623	36.788	3.0989	68.816	33.325	145
16.206	38.85	2.748	82.914	34.182	105
18.768	37.221	3.8377	83.016	37.773	305
19.707	45.399	3.1961	69.58	39.027	305
15.592	33.929	3.4488	82.791	24.94	105
19.04	34.981	2.9292	87.928	32.999	225
18.316	43.081	2.2578	77.281	36.577	185
21.708	39.699	3.9651	83.368	28.827	505
18.447	37.667	3.54	74.017	36.96	385
17.084	39.356	1.0084	90.668	23.045	145
19.076	39.308	2.1669	85.282	26.485	185
19.214	44.352	2.362	84.395	28.949	145
23.194	45.419	3.3147	95.401	43.169	505
19.582	49.336	4.0958	92.532	35.611	225
17.938	41.336	4.202	89.574	51.442	665
20.929	43.984	3.3555	88.273	28.887	185
20.348	44.969	4.5013	84.516	31.2	225
20.519	35.353	3.9347	78.186	38.876	425
15.072	43.199	1.6464	77.789	34.079	105
20.374	34.551	2.2706	70.793	36.381	185
16.904	38.072	1.3289	90.041	39.222	225
21.832	37.287	1.1962	89.742	58.273	185
18.804	30.836	4.1216	68.855	37.016	265
15.48	42.769	3.7874	72.854	38.541	145
15.32	31.225	3.8517	65.891	37.095	105
18.14	38.098	3.9136	74.702	31.635	145
17.882	32.874	0.84435	92.585	44.423	185
17.191	34.128	4.3698	91.93	39.048	425
15.654	46.484	3.6548	83.974	29.9	225
19.076	31.118	4.6965	66.185	35.904	305
17.228	31.088	2.283	88.27	27.424	105
16.962	39.27	4.2612	89.591	34.934	465
18.129	46.594	4.4935	75.777	39.937	305
21.092	27.023	0.1207	94.819	23.468	145
21.122	36.195	1.8898	77.076	34.776	185
16.526	35.253	3.2778	69.286	61.972	265
17.374	46.567	2.5955	93.147	36.037	145
17.468	43.529	2.0556	88.502	36.897	425
18.624	42.73	1.6181	92.123	32.032	185
17.598	29.326	1.8576	90.315	24.107	145
16.49	32.077	1.7153	91.512	25.79	185
20.691	32.543	2.7321	77.048	40.712	185
17.174	40.305	2.3911	87.511	29.13	105
16.082	43.378	3.4777	90.025	24.683	145
18.515	37.243	1.3782	87.582	60.303	185
18.446	46.994	4.0288	81.899	32.349	225
22.256	36.495	5.4017	78.301	41.58	545
21.96	36.275	3.9983	71.77	39.045	385
15.793	35.591	2.9842	65.599	33.073	105
19.431	30.424	0.32025	93.124	44.626	185
19.541	47.945	2.8507	86.981	28.277	105
20.954	32.419	1.7753	76.451	25.856	185
17.859	36.379	0.73466	91.395	19.161	105
17.431	43.484	3.4686	81.889	28.571	185
17.569	39.165	2.9988	85.789	37.119	145
15.88	38.381	1.6173	72.543	31.56	185
20.469	40.827	3.4777	84.919	35.975	225
18.036	40.134	2.4217	91.073	36.829	185
19.023	45.181	4.0879	85.896	38.249	345
18.659	50.145	3.5489	85.136	29.526	185
18.217	34.212	2.6474	82.816	39.681	465
17.954	32.883	2.9268	94.061	36.687	185
17.218	35.277	3.7114	85.107	27.208	145
19.397	37.053	3.1041	87.324	30.59	385
17.539	37.799	3.2643	83.095	37.406	225
21.876	40.637	4.604	66.739	42.192	505
20.51	42.671	3.6378	74.381	34.445	265
16.429	51.482	4.1818	78.728	29.508	265
19.869	41.929	0.59685	83.135	36.831	225
20.228	34.793	2.2019	96.738	24.928	385
19.716	40.295	2.328	77.58	28.894	145
19.029	43.617	2.3172	83.45	33.17	65
15.505	38.52	3.2435	82.629	25.313	105
20.792	36.428	3.1646	86.556	55.797	385
18.233	40.41	3.4452	67.628	43.932	265
17.517	50.475	4.5748	74.487	36.141	185
20.888	36.884	3.507	85.426	29.153	185
20.123	47.921	4.2437	84.361	35.291	305
17.436	40.521	4.7672	70.949	31.417	145
18.669	43.312	3.2278	75.993	23.54	65
20.634	35.121	1.8109	74.07	30.571	145
16.65	43.651	2.7317	85.131	33.212	145
17.261	35.069	3.3639	81.594	23.223	225
23.212	49.524	3.6746	74.319	39.521	345
21.931	44.159	1.8634	94.197	16.153	425
16.512	41.022	3.4632	84.121	41.136	185
19.235	54.026	5.5239	82.237	43.232	385
19.154	28.669	1.2322	85.881	46.413	225
16.539	40.326	3.8729	77.661	35.309	345
19.019	43.471	2.79	84.741	32.633	145
16.891	31.344	2.0772	85.241	34.045	185
16.333	43.867	2.8694	93.653	36.702	425
20.573	35.94	1.808	95.155	19.374	185
18.54	31.558	3.0213	69.747	34.419	105
21.077	43.467	2.8705	67.391	37.398	185
18.401	34.442	4.0108	86.914	56.9	625
20.212	43.519	3.8521	79.103	38.353	145
17.549	48.401	3.2755	82.963	33.745	185
19.924	39.407	4.2354	74.099	31.668	305
21.252	37.017	1.1186	83.619	21.431	185
19.143	41.59	2.9231	91.259	21.726	145
18.267	36.282	3.7694	94.226	61.161	545
18.148	30.686	1.4274	96.388	29.318	185
23.377	36.579	3.2283	88.076	64.645	425
17.22	31.353	2.3314	95.973	21.713	305
18.839	42.648	3.1535	84.547	23.213	145
21.24	43.447	1.2709	84.776	35.984	145
19.601	45.599	2.5223	90.425	29.993	225
15.45	36.549	3.1999	74.384	35.659	145
21.052	43.592	4.555	85.945	41.025	385
21.132	39.415	2.5063	70.46	35.114	185
16.599	37.014	5.927	80.785	36.295	505
15.834	33.28	2.6557	93.914	33.072	265
17.551	32.878	3.5543	79.123	29.178	185
21.818	40.788	4.1333	67.922	27.692	305
19.427	37.74	2.1509	88.768	27.159	185
17.341	39.935	2.8439	66.871	40.862	185
18.082	32.83	2.6332	85.037	30.94	105
17.561	36.182	2.9986	89.571	22.293	145
16.468	38.523	2.3536	79.594	39.987	185
19.228	35.774	3.1501	76.959	25.891	225
17.571	41.157	1.8954	91.461	29.328	145
20.01	32.798	3.089	76.942	37.32	185
20.655	36.239	0.36417	90.38	25.983	105
17.182	41.521	3.9623	76.158	38.384	425
17.518	44.936	2.9764	82.78	25.832	145
17.452	39.261	3.5976	79.76	33.596	225
17.908	35.941	1.8557	81.764	30.291	145
21.049	36.876	3.3874	81.657	33.272	305
19.184	45.662	3.2105	90.57	39.003	185
17.741	36.434	1.773	86.087	39.222	265
23.606	43.069	2.9141	96.712	56.033	585
22.725	44.187	1.2761	83.007	38.368	185
16.228	48.448	5.6077	70.233	41.54	185
19.002	37.849	3.552	75.918	29.073	185
16.539	34.24	1.7742	94.466	31.996	225
19.595	41.406	2.9117	81.578	32.741	145
19.87	48.776	4.5743	85.268	43.786	185
15.306	37.977	3.0194	91.185	17.546	185
19.666	43.621	3.2168	79.556	35.036	185
20.939	43.91	1.6637	83.86	29.999	185
17.163	45.198	3.3547	85.923	38.622	145
16.486	41.633	1.4883	90.482	26.714	145
17.29	44.173	4.522	82.092	35.985	225
19.016	39.01	3.0387	73.999	41.701	225
17.141	34.532	1.0937	83.109	23.538	105
18.285	42.787	3.1486	82.254	23.009	65
20.297	31.786	4.0142	86.602	38.432	305
18.184	34.263	3.3689	78.486	34.832	105
20.834	41.059	4.7406	69.246	36.484	345
18.826	39.056	2.3408	72.972	38.395	185
17.28	44.045	3.7939	78.822	41.079	185
19.387	40.216	2.2866	90.036	27.693	225
17.669	42.487	4.2946	88.333	38.325	265
16.984	39.736	0.87038	98.135	40.255	225
17.625	47.874	2.6097	93.928	30.787	105
18.976	36.407	3.9357	81.124	34.241	185
15.228	42.836	3.2271	82.211	19.317	145
19.723	45.523	5.0959	70.541	29.63	185
16.71	40.384	3.8842	85.859	40.844	225
21.913	31.473	2.2512	87.733	37.888	305
15.078	38.926	1.7727	85.613	33.609	185
18.646	41.956	3.0398	91.192	21.29	185
18.239	34.278	4.5805	67.959	42.773	185
16.02	38.58	3.5196	79.901	33.024	225
22.666	39.653	2.5439	98.019	43.653	505
19.156	41.412	2.5692	79.841	22.191	185
20.139	38.114	4.5878	90.813	59.931	745
17.196	33.247	3.0438	77.647	25.049	145
21.386	36.189	0.022874	95.498	43.291	225
16.637	37.12	0.83735	93.654	31.155	185
17.386	43.55	3.7346	82.809	36.075	105
17.024	35.592	3.2022	90.538	31.632	225
16.497	37.86	2.1977	80.36	40.386	225
15.554	36.858	1.1638	94.842	28.402	225
18.994	47.007	2.9358	82.803	30.307	185
18.479	35.548	2.2817	83.114	37.943	305
17.092	44.345	3.9646	86.309	32.336	545
18.579	41.294	4.0565	71.524	31.666	225
18.775	36.282	3.5976	67.239	36.549	225
15.828	36.543	3.9985	82.053	32.649	305
17.947	36.515	4.4986	84.138	38.152	545
19.61	39.411	4.8065	73.944	34.266	225
18.73	45.478	3.4435	77.586	34.189	225
19.487	38.817	1.8547	87.076	26.915	185
22.008	33.14	1.938	86.39	44.869	185
20.93	39.144	2.0318	78.092	31.795	185
21.45	37.443	3.285	79.723	21.588	225
19.642	44.356	3.725	83.053	33.543	185
18.519	47.133	2.7538	88.798	43.333	185
18.894	37.182	2.6588	87.217	44.091	225
18.427	50.466	3.5983	90.347	34.215	705
18.186	50.208	5.6803	72.526	39.016	345
17.579	31.548	0.92442	91.483	34.181	185
20	36.314	2.5586	89.093	35.208	265
15.157	39.943	2.123	83.394	26.489	145
15.586	34.092	2.8651	94.058	33.791	225
21.4	35.851	6.8345	81.686	27.365	745
16.318	30.614	4.1246	68.903	24.116	145
17.476	32.308	3.7251	79.276	33.875	385
18.514	39.686	4.2716	75.404	42.841	385
19.131	46.175	3.1204	88.589	37.523	145
17.331	37.636	3.3983	92.066	26.651	585
19.704	47.628	3.4878	88.469	35.22	225
21.367	36.569	0.93741	89.528	48.83	265
19.363	45.106	3.6047	89.247	62.077	385
21.986	41.139	2.7646	75.177	48.661	305
16.225	31.197	2.5093	81.261	35.694	185
19.885	35.904	3.3389	82.284	39.375	185
17.944	36.26	3.2468	84.234	37.328	185
19.316	38.592	3.6915	67.423	35.826	145
23.085	46.598	6.1491	81.614	42.481	785
16.999	38.148	3.1452	83.972	21.631	185
20.769	33.78	3.0611	86.299	55.36	545
17.893	28.852	0.70391	97.993	29.784	145
20.663	46.632	4.202	69.197	40.011	385
21.655	45.237	4.4931	72.707	40.356	385
18.856	45.14	2.9506	88.573	19.703	145
17.175	31.425	2.4425	90.448	27.812	185
17.504	34.029	3.3525	94.459	33.288	265
19.089	41.846	2.8993	79.64	33.307	145
19.427	36.442	4.0054	74.612	34.945	185
18.963	45.361	3.785	85.13	39.208	145
17.593	47.318	4.7472	84.209	31.223	225
16.404	43.471	0.89201	91.324	21.256	105
20.52	36.262	2.1366	71.998	36.549	185
15.769	31.544	3.2883	82.368	21.568	185
17.042	30.515	2.913	78.853	27.67	225
22.301	49.107	3.3012	82.461	37.59	385
17.221	43.764	3.0862	70.755	41.889	225
16.205	39.828	2.273	84.339	18.77	265
21.962	32.85	2.5961	75.903	38.65	185
19.898	39.3	0.80448	95.945	15.507	425
21.587	38.848	0.94015	81.895	26.136	265
16.727	44.131	4.0442	77.523	40.384	185
15.936	34.346	3.2019	71.992	28.491	105
21.737	44.471	3.4382	71.668	37.414	385
16.354	49.594	3.1265	83.296	35.3	185
22.498	37.647	0.78654	91.514	39.096	225
17.804	49.181	3.9065	87.432	34.155	185
17.727	36.173	3.4822	83.738	32.093	185
18.263	30.051	2.8371	79.991	28.053	105
18.067	35.215	3.6771	88.631	41.615	145
16.048	43.039	1.7902	85.859	23.898	185
17.473	34.853	2.5453	93.596	25.06	425
21.601	33.304	2.3063	77.647	28.891	225
20.584	39.001	2.1235	72.397	35.753	185
16.981	35.809	1.6826	72.514	35.44	145
19.543	35.977	4.9011	83.957	41.829	345
18.661	37.179	3.061	89.868	33.614	185
19.042	38.051	1.8171	81.674	26.779	105
19.258	31.55	0.79734	93.815	33.711	185
17.582	35.043	2.9877	79.384	33.184	185
19.7	38.467	1.7636	82.771	51.621	185
16.863	37.318	1.8202	88.033	49.323	185
20.442	38.656	2.8705	79.48	35.923	105
18	43.368	3.7108	82.427	37.818	145
18.064	41.889	4.679	73.874	29.354	225
17.968	35.712	3.5355	93.529	23.978	385
17.398	36.792	3.2357	87.712	35.943	145
18.106	49.13	3.167	80.485	34.192	225
19.009	49.405	4.842	77.748	40.287	385
15.675	38.477	0.34619	95.111	22.031	185
17.229	45.259	2.3162	83.889	27.03	185
21.377	39.379	5.1297	63.233	47.643	265
19.289	31.84	2.7651	86.013	21.384	305
16.171	37.77	4.327	81.088	35.21	425
20.204	34.447	4.5521	70.63	41.274	385
16.717	36.915	3.1306	88.608	20.697	185
20.463	38.956	1.6174	85.2	31.927	185
19.71	44.522	2.0499	86.131	29.358	145
16.632	41.282	3.2298	89.268	31.459	385
16.587	32.565	1.7722	71.9	33.312	185
16.126	33.962	0.78595	93.058	28.265	145
15.667	38.379	3.5605	78.887	32.095	185
20.023	39.784	3.0991	84.739	23.031	225
18.616	38.892	1.5988	83.921	32.568	265
17.675	40.6	2.0313	81.471	27.391	225
15.429	38.542	3.4766	86.784	22.817	185
20.406	41.117	3.3564	76.158	39.806	105
18.356	35.515	2.5548	76.803	25.641	105
15.064	32.677	2.5098	93.215	33.444	145
20.763	33.081	2.3273	80.952	29.65	225
15.102	43.246	2.7535	91.938	34.046	105
19.581	36.761	3.6875	81.174	42.251	225
16.671	31.727	2.6708	77.745	29.656	345
17.728	31.97	1.2215	85.86	37.213	145
17.629	43.2	3.4089	77.449	37.742	385
19.102	37.938	3.0432	88.069	24.214	225
17.516	30.427	3.2167	89.452	22.124	185
20.146	29.726	1.0788	95.941	26.588	265
21.813	42.659	1.4108	85.29	38.043	185
16.959	45.596	2.4885	84.604	34.365	225
18.848	38.929	2.3489	77.437	31.76	225
17.623	35.424	4.1392	68.82	26.663	345
20.207	30.759	3.8513	78.515	39.224	585
19.724	39.464	3.9208	81.673	31.603	185
18.994	50.568	3.2737	85.061	28.735	145
20.712	46.289	3.577	94.298	38.984	505
17.429	29.343	1.6808	87.381	29.156	145
20.442	40.956	3.496	84.662	35.656	345
16.427	33.43	2.7695	80.508	31.855	145
17.451	38.428	2.3809	87.029	24.4	265
20.228	50.523	3.7253	80.847	38.401	185
19.598	33.486	2.3272	71.88	39.654	145
21.021	30.402	3.397	79.371	23.57	305
17.243	37.726	4.803	80.368	40.725	425
18.032	42.827	5.3344	89.155	37.64	425
19.478	40.596	1.5017	80.693	38.934	185
19.708	38.998	1.9453	88.903	30.409	185
18.679	41.217	3.7631	72.317	26.273	145
17.98	37.692	3.0293	91.976	31.629	65
18.875	39.039	3.3215	81.886	37.131	345
20.321	33.612	2.35	73.914	37.614	185
18.115	32.83	1.959	78.498	32.744	185
17.033	34.339	2.0014	79.463	29.223	105
15.881	32.201	2.0716	77.506	34.493	185
16.008	37.686	1.1731	96.048	36.909	145
19.526	42.86	3.0741	79.311	20.708	185
16.944	52.166	3.4671	86.691	40.342	185
18.222	44.854	4.1712	73.55	33.223	185
15.163	40.485	2.8769	82.699	32.75	145
18.184	34.245	2.3282	95.703	32.917	225
17.687	34.468	2.1245	90.201	29.532	145
20.905	34.807	0.16698	90.087	31.578	185
17.347	35.91	1.6537	88.744	37.924	185
16.064	38.2	3.4992	79.466	31.246	225
16.898	36.518	2.518	88.884	32.781	185
18.67	34.739	3.5401	70.207	39.797	345
19.5	38.236	5.2095	76.502	59.039	185
17.817	33.858	3.0487	85.417	20.789	145
15.435	32.199	1.6471	85.463	35.199	105
17.008	29.818	4.5192	73.686	26.312	225
18.208	30.024	0.83651	91.195	24.195	185
16.868	39.35	3.414	81.152	34.156	105
21.562	36.766	1.3278	83.639	44.629	185
18.239	43.39	2.366	82.787	24.695	185
20.256	31.671	0.38137	90.152	52.219	185
20.462	41.419	3.6968	85.24	42.363	185
16.562	38.547	2.9419	89.279	36.025	185
19.421	45.693	3.7155	84.398	25.028	145
15.587	42.469	3.4419	66.671	29.64	65
18.11	33.597	4.6011	81.544	37.054	425
18.458	40.878	2.2296	84.296	31.428	145
15.996	42.487	3.586	91.646	21.387	145
19.61	38.159	3.4402	82.999	40.411	225
17.519	39.633	4.367	84.006	43.528	665
20.708	32.578	2.2971	73.64	36.838	185
22.334	41.847	1.7974	83.473	28.306	185
17.081	43.399	4.2876	69.683	30.024	225
22.644	39.961	0.94682	81.902	48.775	185
19.008	34.878	2.4951	83.568	30.264	145
22.355	40.39	3.8722	83.743	38.565	425
15.834	32.753	2.2428	78.889	36.441	145
16.07	39.307	4.193	76.951	27.272	185
17.283	35.932	3.4695	85.736	27.89	185
15.642	31.005	1.8783	84.82	33.789	105
18.233	42.458	3.9009	78.219	39.866	225
18.4	34.212	3.5971	73.557	36.254	145
16.841	32.987	1.4998	85.535	41.956	225
20.764	35.71	3.2823	72.986	57.34	305
20.728	38.224	2.9204	77.36	39.349	265
19.608	38.408	4.9841	91.288	20.152	705
17.93	40.468	3.6958	74.811	35.619	305
18.006	33.425	0.35202	92.731	25.009	225
17.409	44.19	4.0831	75.946	31.157	305
22.22	39.551	4.052	99.346	57.332	625
24.161	42.239	4.1315	92.693	35.753	585
16.07	32.771	2.7703	86.099	29.434	145
16.18	40.57	2.3452	72.725	35.717	185
21.049	43.426	4.3657	71.445	41.819	465
19.631	39.576	4.1344	78.904	41.792	225
18.486	45.624	3.7824	82.151	36.614	105
15.918	33.019	1.8379	80.555	25.273	185
19.271	39.429	3.9292	81.477	34.55	225
21.629	35.04	2.6914	81.057	21.677	185
17.198	34.296	0.75907	91.441	21.416	145
19.553	31.704	3.0172	86.726	27.081	425
22.031	45.284	4.8492	72.838	29.898	305
22.68	35.518	3.0327	87.565	41.948	265
19.932	40.859	3.8624	89.274	31.326	665
16.788	37.133	0.62848	86.173	33.453	185
18.076	41.99	1.8064	87.423	60.938	185
20.604	34.064	4.2242	78.341	39.027	225
15.831	36.814	1.6836	83.169	38.525	105
16.668	36.992	3.9834	91.127	32.822	385
17.078	31.735	1.3208	91.647	23.882	225
20.271	39.937	0.83594	82.646	23.898	105
15.233	42.795	1.967	80.929	33.38	185
21.658	36.305	3.5953	74.589	39.032	225
17.239	35.652	1.1068	87.969	39.933	145
19.259	39.819	3.8666	68.638	32.74	265
17.82	37.712	1.2562	89.068	32.423	225
20.963	39.698	3.1124	70.59	41.483	265
20.93	35.109	0.91006	87.611	29.605	145
17.113	38.103	3.888	65.346	39.639	185
17.082	36.548	2.9271	82.946	31.928	345
21.241	34.206	5.2296	68.283	31.363	385
19.198	41.006	2.7909	83.766	34.907	145
20.61	33.102	3.827	80.788	36.468	425
16.211	38.08	3.052	84.994	23.578	185
18.519	40.086	2.5857	84.246	28.28	345
18.619	31.538	3.5199	81.173	34.991	185
18.182	44.697	3.3961	89.996	36.341	225
19.03	47.566	4.2193	92.993	29.866	665
18.852	38.787	2.2087	97.402	33.961	305
19.104	40.254	2.393	75.52	29.296	105
16.843	39.041	3.9777	75.133	42.216	145
15.246	35.536	3.736	73.723	39.235	105
15.732	34.427	3.975	76.475	34.084	145
16.48	48.083	4.1467	82.796	31.941	265
18.699	34.18	1.3693	99.21	31.678	265
17.069	37.026	1.2548	88.692	47.942	185
16.658	45.491	2.6044	90.057	31.348	185
20.991	43.147	2.414	89.998	22.118	385
18.962	31.265	0.61568	97.097	59.617	185
16.113	43.381	3.5155	87.871	26.638	105
16.686	32.857	2.9936	82.105	26.171	225
16.442	31.626	3.2011	89.64	36.217	185
16.307	39.706	0.7741	84.245	25.989	65
22.183	36.448	0.89199	80.66	24.51	105
21.089	33.423	1.9971	87.119	29.671	385
19.201	41.649	3.4449	79.593	33.155	225
20.712	45.936	4.8365	85.832	34.178	705
19.841	36.87	2.267	92.276	22.095	225
20.26	38.286	2.9483	86.989	33.875	185
16.028	38.043	3.3831	91.65	31.241	225
19.526	30.574	0.94618	83.369	24.116	105
18.15	40.265	0.33224	90.198	20.923	105
17.172	33.47	2.0189	83.343	35.498	145
18.035	41.534	2.1421	79.815	34.41	145
19.765	42.198	3.1083	73.876	36.292	145
19.408	37.938	3.5187	86.54	40.35	185
18.584	39.077	0.63853	85.746	34.53	185
20.916	54.334	5.2489	86.439	40.633	545
21.775	50.335	6.9763	77.111	33.527	665
17.836	35.925	2.1903	71.894	33.737	185
18.536	37.811	4.9933	75.861	50.148	225
18.649	41.581	3.7194	84.721	36.882	225
17.998	31.262	3.264	82.827	36.607	225
18.401	39.045	4.4227	68.775	29.223	305
18.723	36.276	5.1733	83.437	44.819	745
17.211	43.211	3.4188	80.574	32.25	65
18.569	44.881	3.811	74.162	35.726	185
15.319	33.417	3.3664	84.573	29.392	225
16.415	39.63	2.9214	80.312	36.375	345
17.471	28.017	0.46993	86.388	36.956	145
20.729	42.92	4.0581	80.43	38.206	225
16.358	30.5	1.757	90.161	24.119	145
18.376	43.338	3.2671	77.326	31.588	145
20.843	41.019	2.5475	70.973	37.834	145
17.512	32.129	2.8935	89.915	27.018	185
22.134	45.377	3.051	87.765	24.814	545
20.499	36.698	3.2003	90.49	36.458	145
15.964	33.246	1.8377	84.593	26.184	105
17.148	43.198	3.7362	70.984	37.017	305
18.556	44.628	3.8854	69.522	38.77	305
18.455	40.029	2.9033	88.641	23.362	65
19.512	33.744	3.3963	82.939	39.295	185
16.669	46.68	3.3998	83.685	29.256	425
17.826	41.641	3.7032	82.481	37.47	225
18.311	51.668	4.3883	89.709	36.788	465
19.463	31.878	0.8937	89.639	20.563	185
22.602	40.145	3.4858	83.305	37.837	585
21.592	35.515	4.6716	61.57	42.944	265
16.328	39.525	0.20546	88.671	18.417	185
16.412	32.138	2.5998	80.861	18.943	65
17.793	36.839	2.7571	94.618	39.39	385
20.336	38.567	1.1532	91.339	35.97	185
17.549	38.419	1.2806	84.468	54.398	185
18.451	35.714	1.2656	93.591	33.295	145
21.987	37.837	2.059	89.497	30.718	185
19.235	42.177	4.5894	90.046	53.614	225
19.859	28.084	3.2461	79.503	30.401	305
15.562	38.58	3.3973	85.403	24.547	145
20.788	51.595	4.5334	70.217	42.34	185
17.494	40.676	2.2761	85.441	35.479	145
22.692	40.321	2.5919	92.178	36.149	265
21.262	34.005	1.6743	84.687	36.368	185
18.593	35.754	1.997	79.896	23.262	145
16.026	39.701	2.8703	85.418	36.033	185
18.841	35.43	3.6458	82.615	31.748	105
15.866	46.556	3.0752	74.207	34.647	185
15.909	42.476	2.4423	81.236	25.036	105
20.147	39.505	5.8605	75.95	39.202	545
16.357	34.365	1.3666	93.353	25.578	225
21.411	56.581	5.0889	86.651	39.681	385
16.392	40.107	3.1898	84.434	31.441	145
17.821	33.111	0.94532	88.458	40.059	185
20.817	37.62	2.37	81.014	35.155	225
16.685	34.118	2.577	87.861	26.881	145
16.177	39.043	3.7584	78.653	26.189	225
17.869	31.622	3.5774	71.499	22.86	345
20.403	36.785	0.47213	85.33	45.3	225
20.57	38.469	2.4854	84.778	29.775	345
18.786	42.881	1.9348	80.01	37.281	185
17.688	41.326	1.1178	89.949	40.862	185
19.345	37.777	3.6429	90.066	34.878	505
20.898	38.847	0.65015	86.943	19.544	185
16.992	37.596	4.3578	75.476	36.538	145
17.094	34.702	1.9507	93.587	27.111	265
16.479	38.488	0.31497	92.686	42.705	185
19.854	40.885	3.6069	71.396	38.694	145
18.454	34.71	1.1086	88.141	34.106	145
17.248	46.387	3.0469	87.552	28.259	185
16.052	46.124	3.5939	74.525	30.447	145
16.049	38.478	0.86188	93.619	38.556	105
17.927	33.233	2.8014	82.58	23.175	65
18.999	31.411	0.28401	95.098	22.539	185
19.51	35.714	3.0162	83.908	25.343	185
16.4	33.381	0.37896	95.888	36.181	185
19.638	32.714	2.1726	81.478	31.276	305
16.691	39.063	3.7781	63.38	36.652	145
18.846	30.821	1.4809	83.412	22.487	185
19.111	40.383	1.0844	96.063	26.788	105
15.365	33.831	4.0752	71.158	30.068	185
